0,19,-48,-46,0,1,100,0,512,320,96,64,0,-1,-59,0,1,100,0,576,256,64,64,0,-62,-51,0,1,100,0,576,192,64,64,0,-1,-43,0,1,100,0,144,608,48,48,0,-62,-67,0,1,100,0,0,448,80,80,0,9,-33,0,0,100,0,16,128,16,16,0,-1,-43,0,0,100,0,0,608,48,48,0,-11,-29,0,0,100,0,416,0,16,16,0,-13,-65,0,0,100,0,0,0,32,32,0,-12,-51,0,0,100,0,0,64,32,32,0,-20,-34,0,0,100,0,0,128,16,16,0,-62,-67,0,0,100,0,0,528,80,80,0,-21,-49,0,0,100,0,0,144,32,32,0,3,-47,0,0,100,0,32,96,16,16,0,-3,-48,0,0,100,0,32,144,32,32,0,-20,-30,0,0,100,0,0,256,32,32,0,-9,-38,0,0,100,0,0,96,32,32,0,-10,-30,0,0,100,0,32,256,32,32,0,-32,-16,0,0,100,0,880,288,64,32,0,
0,19,-48,-46,0,1,100,0,608,320,96,64,0,0,-57,0,1,100,0,640,256,64,64,0,-61,-49,0,1,100,0,640,192,64,64,0,0,-41,0,1,50,0,144,608,48,48,0,-61,-65,0,1,50,0,0,448,80,80,0,10,-31,0,0,100,0,16,128,16,16,0,0,-41,0,0,100,0,0,608,48,48,0,-10,-28,0,0,100,0,416,0,16,16,0,-12,-64,0,0,100,0,0,0,32,32,0,-11,-50,0,0,100,0,0,64,32,32,0,-19,-32,0,0,100,0,0,128,16,16,0,-61,-65,0,0,100,0,0,528,80,80,0,-20,-47,0,0,100,0,0,144,32,32,0,4,-45,0,0,100,0,32,96,16,16,0,-2,-46,0,0,100,0,32,144,32,32,0,-20,-30,0,0,100,0,64,352,32,32,0,-8,-37,0,0,100,0,0,96,32,32,0,-10,-30,0,0,100,0,96,352,32,32,0,-32,-16,0,0,100,0,880,288,64,32,0,
0,19,-48,-46,0,1,100,0,512,384,96,64,0,-1,-59,0,1,100,0,704,256,64,64,0,-62,-50,0,1,100,0,704,192,64,64,0,-1,-43,0,1,20,0,144,608,48,48,0,-62,-66,0,1,20,0,0,448,80,80,0,9,-33,0,0,100,0,16,128,16,16,0,-1,-43,0,0,100,0,0,608,48,48,0,-11,-29,0,0,100,0,416,0,16,16,0,-13,-65,0,0,100,0,0,0,32,32,0,-12,-51,0,0,100,0,0,64,32,32,0,-20,-33,0,0,100,0,0,128,16,16,0,-62,-66,0,0,100,0,0,528,80,80,0,-21,-48,0,0,100,0,0,144,32,32,0,3,-47,0,0,100,0,32,96,16,16,0,-3,-48,0,0,100,0,32,144,32,32,0,-20,-30,0,0,100,0,0,256,32,32,0,-9,-38,0,0,100,0,0,96,32,32,0,-10,-30,0,0,100,0,32,256,32,32,0,-32,-16,0,0,100,0,880,288,64,32,0,
0,19,-48,-46,0,1,100,0,608,384,96,64,0,-3,-58,0,1,100,0,768,256,64,64,0,-63,-50,0,1,100,0,768,192,64,64,0,-3,-42,0,1,50,0,144,608,48,48,0,-63,-66,0,1,50,0,0,448,80,80,0,7,-32,0,0,100,0,16,128,16,16,0,-3,-42,0,0,100,0,0,608,48,48,0,-12,-28,0,0,100,0,416,0,16,16,0,-14,-64,0,0,100,0,0,0,32,32,0,-13,-50,0,0,100,0,0,64,32,32,0,-21,-33,0,0,100,0,0,128,16,16,0,-63,-66,0,0,100,0,0,528,80,80,0,-22,-48,0,0,100,0,0,144,32,32,0,1,-46,0,0,100,0,32,96,16,16,0,-5,-47,0,0,100,0,32,144,32,32,0,-20,-30,0,0,100,0,0,352,32,32,0,-10,-38,0,0,100,0,0,96,32,32,0,-10,-30,0,0,100,0,32,352,32,32,0,-32,-16,0,0,100,0,880,288,64,32,0,
0,17,-48,-46,0,1,100,0,512,320,96,64,0,-59,-50,0,1,100,-90,576,256,64,64,0,-54,-50,1,1,100,0,192,608,48,48,0,-13,-42,1,0,100,0,48,96,16,16,0,-25,-46,0,0,100,0,192,208,32,32,0,-29,-34,0,0,100,-90,96,128,16,16,0,-54,-50,1,0,100,0,48,608,48,48,0,-17,-46,0,0,100,0,416,16,32,32,0,-18,-61,0,0,100,0,128,0,32,32,0,-14,-29,1,0,100,0,80,96,16,16,0,-22,-30,0,0,100,0,224,320,32,32,0,-19,-31,0,0,100,0,192,256,32,32,0,-13,-54,0,0,100,0,192,176,32,32,0,-39,-90,0,1,100,-90,576,192,64,64,0,-39,-90,0,1,100,-90,0,448,80,80,0,-39,-90,0,0,100,-90,0,528,80,80,0,-32,-16,0,0,100,0,880,288,64,32,0,
0,17,-48,-46,0,1,100,0,608,320,96,64,0,-60,-49,0,1,100,-90,640,256,64,64,0,-55,-49,1,1,60,0,192,608,48,48,0,-14,-41,1,0,100,0,48,96,16,16,0,-26,-45,0,0,100,0,192,208,32,32,0,-30,-33,0,0,100,-90,96,128,16,16,0,-55,-49,1,0,100,0,48,608,48,48,0,-17,-45,0,0,100,0,448,16,32,32,0,-18,-60,0,0,100,0,128,0,32,32,0,-14,-29,1,0,100,0,80,96,16,16,0,-22,-30,0,0,100,0,224,320,32,32,0,-19,-31,0,0,100,0,192,256,32,32,0,-13,-53,0,0,100,0,192,176,32,32,0,-39,-89,0,1,100,-90,640,192,64,64,0,-39,-89,0,1,60,-90,0,448,80,80,0,-39,-89,0,0,100,-90,0,528,80,80,0,-32,-16,0,0,100,0,880,288,64,32,0,
0,17,-48,-46,0,1,100,0,512,384,96,64,0,-60,-48,0,1,100,-90,704,256,64,64,0,-55,-49,1,1,30,0,192,608,48,48,0,-14,-41,1,0,100,0,48,96,16,16,0,-26,-45,0,0,100,0,192,208,32,32,0,-30,-33,0,0,100,-90,96,128,16,16,0,-55,-49,1,0,100,0,48,608,48,48,0,-17,-45,0,0,100,0,480,16,32,32,0,-18,-60,0,0,100,0,128,0,32,32,0,-14,-29,1,0,100,0,80,96,16,16,0,-22,-30,0,0,100,0,224,320,32,32,0,-19,-31,0,0,100,0,192,256,32,32,0,-13,-52,0,0,100,0,192,176,32,32,0,-39,-88,0,1,100,-90,704,192,64,64,0,-39,-88,0,1,30,-90,0,448,80,80,0,-39,-88,0,0,100,-90,0,528,80,80,0,-32,-16,0,0,100,0,880,288,64,32,0,
0,17,-48,-46,0,1,100,0,608,384,96,64,0,-59,-50,0,1,100,-90,768,256,64,64,0,-54,-50,1,1,50,0,192,608,48,48,0,-13,-42,1,0,100,0,48,96,16,16,0,-25,-46,0,0,100,0,192,208,32,32,0,-29,-34,0,0,100,-90,96,128,16,16,0,-54,-50,1,0,100,0,48,608,48,48,0,-17,-46,0,0,100,0,512,16,32,32,0,-18,-61,0,0,100,0,128,0,32,32,0,-14,-29,1,0,100,0,80,96,16,16,0,-22,-30,0,0,100,0,224,320,32,32,0,-19,-31,0,0,100,0,192,256,32,32,0,-13,-53,0,0,100,0,192,176,32,32,0,-39,-89,0,1,100,-90,768,192,64,64,0,-39,-89,0,1,50,-90,0,448,80,80,0,-39,-89,0,0,100,-90,0,528,80,80,0,-32,-16,0,0,100,0,880,288,64,32,0,
0,16,-48,-46,0,1,40,0,512,320,96,64,0,-59,-53,0,1,40,0,576,192,64,64,0,-59,-69,0,1,60,0,0,448,80,80,0,-4,-75,0,1,100,0,832,0,32,32,0,-11,-30,0,0,100,0,416,0,16,16,0,-15,-64,0,0,100,0,0,0,32,32,0,-22,-33,1,0,100,0,16,128,16,16,0,-59,-69,0,0,100,0,0,528,80,80,0,-26,-48,1,0,100,0,32,144,32,32,0,-13,-50,0,0,100,0,128,64,32,32,0,-9,-60,0,0,100,0,0,176,32,32,0,-21,-30,0,0,100,0,0,256,32,32,0,-10,-37,0,0,100,0,0,96,32,32,0,-11,-30,0,0,100,0,32,256,32,32,0,-15,-44,0,0,100,0,96,608,48,48,0,-32,-16,0,0,100,0,880,288,64,32,0,
0,16,-48,-46,0,1,40,0,608,320,96,64,0,-59,-53,0,1,40,0,640,192,64,64,0,-59,-69,0,1,30,0,0,448,80,80,0,-4,-75,0,1,100,0,864,0,32,32,0,-11,-30,0,0,100,0,416,0,16,16,0,-15,-64,0,0,100,0,0,0,32,32,0,-22,-33,1,0,100,0,16,128,16,16,0,-59,-69,0,0,100,0,0,528,80,80,0,-26,-48,1,0,100,0,32,144,32,32,0,-13,-50,0,0,100,0,128,64,32,32,0,-9,-60,0,0,100,0,0,176,32,32,0,-21,-30,0,0,100,0,0,256,32,32,0,-10,-37,0,0,100,0,0,96,32,32,0,-11,-30,0,0,100,0,32,256,32,32,0,-15,-44,0,0,100,0,96,608,48,48,0,-32,-16,0,0,100,0,880,288,64,32,0,
0,16,-48,-46,0,1,40,0,512,384,96,64,0,-59,-53,0,1,40,0,704,192,64,64,0,-59,-69,0,1,10,0,0,448,80,80,0,-4,-75,0,1,100,0,896,0,32,32,0,-11,-30,0,0,100,0,416,0,16,16,0,-15,-64,0,0,100,0,0,0,32,32,0,-22,-33,1,0,100,0,16,128,16,16,0,-59,-69,0,0,100,0,0,528,80,80,0,-26,-48,1,0,100,0,32,144,32,32,0,-13,-50,0,0,100,0,128,64,32,32,0,-9,-60,0,0,100,0,0,176,32,32,0,-21,-30,0,0,100,0,0,256,32,32,0,-10,-37,0,0,100,0,0,96,32,32,0,-11,-30,0,0,100,0,32,256,32,32,0,-15,-44,0,0,100,0,96,608,48,48,0,-32,-16,0,0,100,0,880,288,64,32,0,
0,16,-48,-46,0,1,40,0,608,384,96,64,0,-59,-53,0,1,40,0,768,192,64,64,0,-59,-69,0,1,30,0,0,448,80,80,0,-4,-75,0,1,100,0,928,0,32,32,0,-11,-30,0,0,100,0,416,0,16,16,0,-15,-64,0,0,100,0,0,0,32,32,0,-22,-33,1,0,100,0,16,128,16,16,0,-59,-69,0,0,100,0,0,528,80,80,0,-26,-48,1,0,100,0,32,144,32,32,0,-13,-50,0,0,100,0,128,64,32,32,0,-9,-60,0,0,100,0,0,176,32,32,0,-21,-30,0,0,100,0,0,256,32,32,0,-10,-37,0,0,100,0,0,96,32,32,0,-11,-30,0,0,100,0,32,256,32,32,0,-15,-44,0,0,100,0,96,608,48,48,0,-32,-16,0,0,100,0,880,288,64,32,0,
0,16,-48,-46,0,1,60,0,512,320,96,64,0,-21,-40,1,0,100,0,48,96,16,16,0,-36,-41,0,0,100,0,64,144,32,32,0,-49,-50,0,1,100,0,928,0,32,32,0,-24,-43,0,0,100,0,416,16,32,32,0,-22,-23,0,0,100,0,480,0,16,16,0,-29,-55,0,0,100,0,128,0,32,32,0,-24,-30,0,0,100,0,0,288,32,32,0,-19,-38,1,0,100,90,48,608,48,48,0,-9,-24,0,0,100,0,64,96,16,16,0,-11,-30,0,0,100,0,32,288,32,32,0,-10,-43,2,0,100,0,16,128,16,16,0,-17,-73,3,1,50,0,576,192,64,64,0,-33,-73,3,1,70,0,0,448,80,80,0,-33,-73,3,0,100,0,0,528,80,80,0,-32,-16,0,0,100,0,880,288,64,32,0,
0,16,-48,-46,0,1,60,0,608,320,96,64,0,-21,-40,1,0,100,0,48,96,16,16,0,-36,-41,0,0,100,0,64,144,32,32,0,-49,-50,0,1,100,0,896,0,32,32,0,-24,-43,0,0,100,0,448,16,32,32,0,-22,-23,0,0,100,0,480,0,16,16,0,-29,-55,0,0,100,0,128,0,32,32,0,-24,-30,0,0,100,0,0,288,32,32,0,-19,-38,1,0,100,90,48,608,48,48,0,-9,-24,0,0,100,0,64,96,16,16,0,-11,-30,0,0,100,0,32,288,32,32,0,-10,-43,2,0,100,0,16,128,16,16,0,-17,-73,3,1,50,0,640,192,64,64,0,-33,-73,3,1,40,0,0,448,80,80,0,-33,-73,3,0,100,0,0,528,80,80,0,-32,-16,0,0,100,0,880,288,64,32,0,
0,16,-48,-46,0,1,60,0,512,384,96,64,0,-21,-40,1,0,100,0,48,96,16,16,0,-36,-41,0,0,100,0,64,144,32,32,0,-49,-50,0,1,100,0,864,0,32,32,0,-24,-43,0,0,100,0,480,16,32,32,0,-22,-23,0,0,100,0,480,0,16,16,0,-29,-55,0,0,100,0,128,0,32,32,0,-24,-30,0,0,100,0,0,288,32,32,0,-19,-38,1,0,100,90,48,608,48,48,0,-9,-24,0,0,100,0,64,96,16,16,0,-11,-30,0,0,100,0,32,288,32,32,0,-10,-43,2,0,100,0,16,128,16,16,0,-17,-73,3,1,50,0,704,192,64,64,0,-33,-73,3,1,20,0,0,448,80,80,0,-33,-73,3,0,100,0,0,528,80,80,0,-32,-16,0,0,100,0,880,288,64,32,0,
0,16,-48,-46,0,1,60,0,608,384,96,64,0,-21,-40,1,0,100,0,48,96,16,16,0,-36,-41,0,0,100,0,64,144,32,32,0,-49,-50,0,1,100,0,832,0,32,32,0,-24,-43,0,0,100,0,512,16,32,32,0,-22,-23,0,0,100,0,480,0,16,16,0,-29,-55,0,0,100,0,128,0,32,32,0,-24,-30,0,0,100,0,0,288,32,32,0,-19,-38,1,0,100,90,48,608,48,48,0,-9,-24,0,0,100,0,64,96,16,16,0,-11,-30,0,0,100,0,32,288,32,32,0,-10,-43,2,0,100,0,16,128,16,16,0,-17,-73,3,1,50,0,768,192,64,64,0,-33,-73,3,1,40,0,0,448,80,80,0,-33,-73,3,0,100,0,0,528,80,80,0,-32,-16,0,0,100,0,880,288,64,32,0,
0,18,-48,-46,0,1,100,0,512,320,96,64,0,-26,-48,0,0,100,0,96,176,32,32,0,-10,-34,0,0,100,0,48,128,16,16,0,-17,-54,1,1,100,0,576,192,64,64,0,-33,-70,1,1,100,0,0,448,80,80,0,-33,-70,1,0,100,0,0,528,80,80,0,3,-33,0,0,100,0,16,128,16,16,0,-7,-43,0,1,100,0,144,608,48,48,0,-7,-43,0,0,100,0,0,608,48,48,0,-15,-30,0,0,100,0,416,0,16,16,0,-18,-65,0,0,100,0,0,0,32,32,0,-17,-51,0,0,100,0,0,64,32,32,0,-3,-47,0,0,100,0,32,96,16,16,0,-9,-48,0,0,100,0,32,144,32,32,0,-11,-30,1,0,100,0,0,256,32,32,0,-9,-38,0,0,100,0,0,96,32,32,0,-21,-30,1,0,100,0,32,256,32,32,0,-33,-16,0,0,100,0,880,288,64,32,0,
0,16,-48,-46,0,1,100,0,608,320,96,64,0,-9,-42,0,0,100,90,48,128,16,16,0,-28,-84,1,1,100,90,640,192,64,64,0,-44,-84,1,1,100,90,0,448,80,80,0,-44,-84,1,0,100,90,0,528,80,80,0,-23,-44,0,0,100,0,128,176,32,32,0,-25,-60,0,0,100,0,0,0,32,32,0,-24,-46,0,0,100,0,128,64,32,32,0,-25,-25,0,0,100,0,416,0,16,16,0,-11,-41,0,0,100,0,32,96,16,16,0,-31,-30,0,0,100,0,128,256,32,32,0,-13,-30,0,0,100,0,160,256,32,32,0,-17,-42,0,0,100,0,32,144,32,32,0,-5,-27,0,0,100,0,16,128,16,16,0,-15,-37,0,0,100,0,0,608,48,48,0,-36,-16,0,0,100,0,880,288,64,32,0,
0,16,-48,-46,0,1,100,0,512,384,96,64,0,-8,-44,0,0,100,90,48,128,16,16,0,-27,-86,1,1,100,90,704,192,64,64,0,-43,-86,1,1,100,90,0,448,80,80,0,-43,-86,1,0,100,90,0,528,80,80,0,-22,-46,0,0,100,0,160,176,32,32,0,-27,-59,0,0,100,0,0,0,32,32,0,-25,-45,0,0,100,0,128,64,32,32,0,-26,-25,0,0,100,0,416,0,16,16,0,-12,-40,0,0,100,0,32,96,16,16,0,-32,-30,0,0,100,0,128,256,32,32,0,-13,-30,0,0,100,0,160,256,32,32,0,-6,-26,0,0,100,0,16,128,16,16,0,-16,-36,0,0,100,0,0,608,48,48,0,-18,-41,0,0,100,0,32,144,32,32,0,-37,-16,0,0,100,0,880,288,64,32,0,
0,20,-54,-46,0,1,100,0,608,384,96,64,0,1,-33,0,0,100,0,64,128,16,16,0,-7,-49,0,0,100,0,48,608,48,48,0,-93,-19,1,1,100,-180,928,560,32,32,0,-89,-69,0,1,100,0,928,560,32,32,0,-34,-49,0,0,100,0,0,0,32,32,0,-108,-85,0,1,100,0,480,688,160,96,0,-79,-80,2,1,100,0,160,448,80,80,0,-108,-85,0,0,80,0,704,320,160,96,0,-12,-36,0,0,100,0,32,112,16,16,0,-19,-42,0,0,100,0,0,208,32,32,0,-26,-42,0,0,100,0,32,64,32,32,0,-25,-24,0,0,100,0,480,0,16,16,0,-13,-25,0,0,100,0,64,96,16,16,0,-15,-30,0,0,100,0,32,288,32,32,0,-29,-30,0,0,100,0,0,288,32,32,0,-40,-50,0,0,100,0,64,208,32,32,0,-36,-52,0,0,100,0,80,128,16,16,0,-79,-80,2,0,100,0,160,528,80,80,0,-37,-16,0,0,100,0,880,288,64,32,0,
0,21,-54,-46,0,1,100,0,512,320,96,64,0,-93,-19,1,1,100,-180,928,592,32,32,0,-1,-97,1,1,100,90,928,560,32,32,0,-89,-69,0,1,100,0,928,592,32,32,0,-48,-104,2,1,100,-90,0,448,80,80,0,-108,-85,0,1,100,0,640,688,160,96,0,-108,-85,0,0,80,0,864,320,160,96,0,1,-37,0,0,100,0,64,128,16,16,0,-7,-53,0,0,100,0,48,608,48,48,0,-12,-40,0,0,100,0,32,112,16,16,0,-19,-46,0,0,100,0,0,208,32,32,0,-30,-58,0,0,100,0,128,0,32,32,0,-29,-46,0,0,100,0,160,64,32,32,0,-29,-27,0,0,100,0,416,0,16,16,0,-25,-34,0,0,100,0,0,96,32,32,0,-22,-30,0,0,100,0,32,320,32,32,0,-34,-30,0,0,100,0,0,320,32,32,0,-29,-58,0,0,100,0,96,208,32,32,0,-13,-62,0,0,100,90,48,128,16,16,0,-48,-104,2,0,100,-90,0,528,80,80,0,-38,-16,0,0,100,0,880,288,64,32,0,
0,22,-54,-46,0,1,100,0,608,320,96,64,0,-1,-97,1,1,100,90,928,592,32,32,0,-47,-104,2,1,100,-90,0,448,80,80,0,-86,-26,3,1,100,0,480,784,32,32,0,-108,-42,0,1,100,0,480,784,32,32,0,-108,-85,0,1,20,0,640,688,160,96,0,-108,-85,0,0,40,0,864,320,160,96,0,3,-36,0,0,100,0,64,128,16,16,0,-5,-52,0,0,100,0,48,608,48,48,0,-10,-39,0,0,100,0,32,112,16,16,0,-17,-45,0,0,100,0,0,208,32,32,0,-27,-58,0,0,100,0,128,0,32,32,0,-28,-46,0,0,100,0,160,64,32,32,0,-28,-27,0,0,100,0,416,0,16,16,0,-26,-34,0,0,100,0,0,96,32,32,0,-23,-30,0,0,100,0,32,320,32,32,0,-34,-30,0,0,100,0,0,320,32,32,0,-18,-29,0,0,100,0,64,96,16,16,0,-28,-58,0,0,100,0,96,208,32,32,0,-12,-62,0,0,100,90,48,128,16,16,0,-47,-104,2,0,100,-90,0,528,80,80,0,-38,-16,0,0,100,0,880,288,64,32,0,
0,16,-62,-46,0,1,100,0,512,384,96,64,0,-108,-85,0,0,20,0,864,320,160,96,0,-25,-42,0,0,100,0,48,96,16,16,0,-31,-42,0,0,100,0,160,208,32,32,0,-16,-28,0,0,100,0,96,128,16,16,0,-30,-34,1,0,100,90,48,608,48,48,0,-40,-43,0,0,100,0,64,64,32,32,0,-39,-60,0,0,100,0,0,0,32,32,0,-45,-31,0,0,100,0,128,288,32,32,0,-36,-30,0,0,100,0,224,256,32,16,0,-40,-32,0,0,100,0,192,256,32,32,0,-31,-51,0,0,100,0,128,208,32,32,0,-18,-54,0,0,100,90,48,128,16,16,0,-53,-96,2,1,100,-90,0,448,80,80,0,-53,-96,2,0,100,-90,0,528,80,80,0,-54,-16,0,0,100,0,880,288,64,32,0,
0,15,-64,-46,0,1,100,0,608,384,96,64,0,-27,-41,0,0,100,0,48,96,16,16,0,-33,-41,0,0,100,0,160,208,32,32,0,-18,-27,0,0,100,0,96,128,16,16,0,-32,-33,1,0,100,90,48,608,48,48,0,-42,-43,0,0,100,0,64,64,32,32,0,-43,-58,0,0,100,0,0,0,32,32,0,-47,-33,0,0,100,0,128,288,32,32,0,-37,-30,0,0,100,0,224,256,32,16,0,-40,-32,0,0,100,0,192,256,32,32,0,-37,-47,0,0,100,0,128,208,32,32,0,-24,-50,0,0,100,90,48,128,16,16,0,-59,-92,2,1,100,-90,0,448,80,80,0,-59,-92,2,0,100,-90,0,528,80,80,0,-54,-16,0,0,100,0,880,288,64,32,0,
0,16,-69,-46,0,1,100,0,512,320,96,64,0,-86,-71,0,0,80,0,0,656,80,80,0,-23,-41,0,0,100,0,48,96,16,16,0,-29,-41,0,0,100,0,160,208,32,32,0,-14,-27,0,0,100,0,96,128,16,16,0,-28,-33,1,0,100,90,48,608,48,48,0,-54,-31,0,0,80,0,240,656,48,48,0,-54,-39,0,0,100,0,160,288,32,32,0,-39,-60,0,0,100,0,128,0,32,32,0,-36,-45,0,0,100,0,192,64,32,32,0,-40,-32,0,0,100,0,256,256,32,32,0,-33,-46,0,0,100,0,128,208,32,32,0,-21,-49,0,0,100,90,48,128,16,16,0,-56,-91,2,1,100,-90,0,448,80,80,0,-56,-91,2,0,100,-90,0,528,80,80,0,-57,-16,0,0,100,0,880,288,64,32,0,
0,16,-70,-46,0,1,100,0,608,320,96,64,0,-86,-71,0,0,80,0,80,656,80,80,0,-22,-41,0,0,100,0,48,96,16,16,0,-28,-41,0,0,100,0,160,208,32,32,0,-13,-27,0,0,100,0,96,128,16,16,0,-27,-33,1,0,100,90,48,608,48,48,0,-54,-31,0,0,30,0,240,656,48,48,0,-54,-40,0,0,100,0,160,288,32,32,0,-39,-59,0,0,100,0,128,0,32,32,0,-35,-45,0,0,100,0,192,64,32,32,0,-40,-32,0,0,100,0,256,256,32,32,0,-32,-45,0,0,100,0,128,208,32,32,0,-20,-47,0,0,100,90,48,128,16,16,0,-55,-89,2,1,100,-90,0,448,80,80,0,-55,-89,2,0,100,-90,0,528,80,80,0,-58,-16,0,0,100,0,880,288,64,32,0,
0,14,-71,-46,0,1,100,0,512,384,96,64,0,-86,-71,0,0,80,0,160,656,80,80,0,-26,-38,0,0,100,0,32,112,16,16,0,-33,-44,0,0,100,0,0,208,32,32,0,-16,-35,0,0,100,0,96,128,16,16,0,-30,-41,1,0,100,90,48,608,48,48,0,-45,-51,0,0,100,0,0,0,32,32,0,-40,-32,0,0,100,0,320,256,32,32,0,-39,-40,0,0,100,0,64,64,32,32,0,-40,-54,0,0,100,180,96,176,32,32,0,-40,-32,0,0,100,0,288,256,32,32,0,-68,-89,0,1,100,-90,0,448,80,80,0,-68,-89,0,0,100,-90,0,528,80,80,0,-57,-16,0,0,100,0,880,288,64,32,0,
0,13,-71,-46,0,1,100,0,608,384,96,64,0,-28,-38,0,0,100,0,32,112,16,16,0,-35,-44,0,0,100,0,0,208,32,32,0,-18,-35,0,0,100,0,96,128,16,16,0,-32,-41,1,0,100,90,48,608,48,48,0,-47,-47,0,0,100,0,0,0,32,32,0,-40,-30,0,0,100,0,320,256,32,32,0,-41,-39,0,0,100,0,64,64,32,32,0,-40,-54,0,0,100,180,96,176,32,32,0,-40,-32,0,0,100,0,288,256,32,32,0,-74,-86,0,1,100,0,0,448,80,80,0,-74,-86,0,0,100,0,0,528,80,80,0,-58,-16,0,0,100,0,880,288,64,32,0,
0,13,-71,-46,0,1,80,0,512,320,96,64,0,-32,-47,0,0,100,0,32,112,16,16,0,-39,-53,0,0,100,0,0,208,32,32,0,-22,-44,0,0,100,0,96,128,16,16,0,-36,-50,1,0,100,90,48,608,48,48,0,-54,-61,0,0,100,0,0,0,32,32,0,-50,-49,0,0,100,0,64,64,32,32,0,-50,-39,0,0,100,0,320,256,32,32,0,-46,-63,0,0,100,180,96,176,32,32,0,-51,-33,0,0,100,0,0,320,32,32,0,-76,-68,0,1,100,0,80,448,80,80,0,-76,-68,0,0,100,0,80,528,80,80,0,-60,-16,0,0,100,0,880,288,64,32,0,
0,12,-71,-46,0,1,50,0,608,320,96,64,0,-35,-54,0,0,100,0,32,112,16,16,0,-42,-60,0,0,100,0,0,208,32,32,0,-25,-51,0,0,100,0,96,128,16,16,0,-39,-57,1,0,100,90,48,608,48,48,0,-49,-73,0,0,100,0,160,0,32,32,0,-50,-58,0,0,100,0,192,64,32,32,0,-59,-49,0,0,100,0,320,256,32,32,0,-54,-43,0,0,100,0,0,320,32,32,0,-76,-69,0,1,100,0,80,448,80,80,0,-76,-69,0,0,100,0,80,528,80,80,0,-66,-16,0,0,100,0,880,288,64,32,0,
0,11,-71,-46,0,1,20,0,512,384,96,64,0,-40,-51,0,0,100,-90,32,112,16,16,0,-50,-58,0,0,100,-90,0,208,32,32,0,-43,-41,0,0,100,-90,96,128,16,16,0,-69,-55,1,0,100,0,48,608,48,48,0,-52,-66,0,0,100,-90,192,64,32,32,0,-38,-59,0,0,100,-90,160,0,32,32,0,-68,-64,0,0,100,-90,64,320,32,32,0,-76,-69,0,1,100,0,80,448,80,80,0,-76,-69,0,0,100,0,80,528,80,80,0,-72,-16,0,0,100,0,880,288,64,32,0,
0,12,-112,-120,0,0,70,0,704,416,144,144,0,-37,-59,0,0,100,-180,32,112,16,16,0,-46,-69,0,0,100,-180,0,208,32,32,0,-47,-62,0,0,100,-180,96,128,16,16,0,-65,-88,1,0,100,-90,48,608,48,48,0,-38,-71,0,0,100,-180,192,64,32,32,0,-42,-56,0,0,100,-180,160,0,32,32,0,-31,-85,0,0,100,0,256,288,32,32,0,-50,-80,0,0,100,-90,192,288,32,32,0,-76,-69,0,1,100,0,80,448,80,80,0,-76,-69,0,0,100,0,80,528,80,80,0,-59,-16,0,0,100,0,880,288,64,32,0,
0,13,-112,-120,0,0,70,-90,704,416,144,144,0,-112,-120,0,0,60,0,848,416,144,144,0,-35,-56,0,0,100,-270,32,112,16,16,0,-41,-65,0,0,100,-270,0,208,32,32,0,-32,-66,0,0,100,-270,96,128,16,16,0,-38,-84,1,0,100,-180,48,608,48,48,0,-55,-56,0,0,100,-270,128,0,32,32,0,-39,-57,0,0,100,-270,192,64,32,32,0,-25,-50,0,0,100,-90,256,288,32,32,0,-30,-69,0,0,100,-180,192,288,32,32,0,-76,-69,0,1,100,0,80,448,80,80,0,-76,-69,0,0,100,0,80,528,80,80,0,-56,-16,0,0,100,0,880,288,64,32,0,
0,13,-112,-120,0,0,30,0,848,416,144,144,0,-112,-120,0,0,60,-90,848,416,144,144,0,-37,-57,0,0,100,-270,32,112,16,16,0,-43,-66,0,0,100,-270,0,208,32,32,0,-34,-67,0,0,100,-270,96,128,16,16,0,-40,-85,1,0,100,-180,48,608,48,48,0,-56,-56,0,0,100,-270,128,0,32,32,0,-41,-58,0,0,100,-270,192,64,32,32,0,-28,-49,0,0,100,-90,256,288,32,32,0,-34,-66,0,0,100,-180,192,288,32,32,0,-76,-69,0,1,100,0,80,448,80,80,0,-76,-69,0,0,100,0,80,528,80,80,0,-57,-16,0,0,100,0,880,288,64,32,0,
0,15,-74,-46,0,1,50,0,512,320,96,64,0,-112,-120,0,0,10,0,848,416,144,144,0,-112,-120,0,0,30,-90,848,416,144,144,0,-26,-47,0,0,100,0,32,112,16,16,0,-33,-53,0,0,100,0,0,208,32,32,0,-16,-44,0,0,100,0,96,128,16,16,0,-30,-50,1,0,100,90,48,608,48,48,0,-48,-61,0,0,100,0,0,0,32,32,0,-44,-49,0,0,100,0,64,64,32,32,0,-45,-41,0,0,100,0,320,256,32,32,0,-40,-63,0,0,100,180,96,176,32,32,0,-43,-33,0,0,100,0,0,320,32,32,0,-76,-69,0,1,100,0,80,448,80,80,0,-76,-69,0,0,100,0,80,528,80,80,0,-59,-16,0,0,100,0,880,288,64,32,0,
0,12,-74,-46,0,1,100,0,608,320,96,64,0,-35,-34,0,0,100,0,32,112,16,16,0,-42,-40,0,0,100,0,0,208,32,32,0,-25,-31,0,0,100,0,96,128,16,16,0,-39,-37,1,0,100,90,48,608,48,48,0,-54,-43,0,0,100,0,0,0,32,32,0,-47,-27,0,0,100,0,320,256,32,32,0,-48,-35,0,0,100,0,64,64,32,32,0,-47,-32,0,0,100,0,288,256,32,32,0,-88,-68,0,1,100,0,0,448,80,80,0,-88,-68,0,0,100,0,0,528,80,80,0,-65,-16,0,0,100,0,880,288,64,32,0,
0,12,-74,-46,0,1,100,0,512,384,96,64,0,-35,-31,0,0,100,0,32,112,16,16,0,-42,-37,0,0,100,0,0,208,32,32,0,-25,-28,0,0,100,0,96,128,16,16,0,-39,-34,1,0,100,90,48,608,48,48,0,-54,-40,0,0,100,0,0,0,32,32,0,-47,-27,0,0,100,0,320,256,32,32,0,-48,-32,0,0,100,0,64,64,32,32,0,-47,-32,0,0,100,0,288,256,32,32,0,-85,-72,0,1,100,0,0,448,80,80,0,-85,-72,0,0,100,0,0,528,80,80,0,-65,-16,0,0,100,0,880,288,64,32,0,
0,17,-74,-46,0,1,60,0,608,384,96,64,0,-82,-59,0,1,100,0,928,560,32,32,0,-32,-60,1,0,100,0,48,96,16,16,0,-44,-64,0,0,100,0,192,208,32,32,0,-48,-52,0,0,100,-90,96,128,16,16,0,-120,-51,0,1,100,0,960,560,64,64,0,-73,-68,1,1,100,0,48,608,48,48,0,-73,-68,1,0,100,0,48,608,48,48,0,-35,-63,0,0,100,0,224,64,32,32,0,-35,-78,0,0,100,0,128,0,32,32,0,-25,-67,0,0,100,0,192,176,32,32,0,-34,-48,0,0,100,0,64,112,16,16,0,-42,-49,0,0,100,0,224,288,32,32,0,-41,-46,0,0,100,0,288,288,32,32,0,-59,-105,0,1,100,-90,0,448,80,80,0,-59,-105,0,0,100,-90,0,528,80,80,0,-57,-16,0,0,100,0,880,288,64,32,0,
0,15,-74,-46,0,1,20,0,512,320,96,64,0,-82,-59,0,1,100,0,928,592,32,32,0,-18,-65,1,0,100,0,48,96,16,16,0,-30,-69,0,0,100,0,192,208,32,32,0,-34,-57,0,0,100,-90,96,128,16,16,0,-59,-73,1,0,100,0,48,608,48,48,0,-21,-68,0,0,100,0,224,64,32,32,0,-22,-83,0,0,100,0,128,0,32,32,0,-11,-72,0,0,100,0,192,176,32,32,0,-20,-53,0,0,100,0,64,112,16,16,0,-26,-54,0,0,100,0,224,288,32,32,0,-27,-53,0,0,100,0,288,288,32,32,0,-45,-110,0,1,100,-90,0,448,80,80,0,-45,-110,0,0,100,-90,0,528,80,80,0,-35,-16,0,0,100,0,880,288,64,32,0,
0,16,-36,-65,3,1,100,0,928,560,32,32,0,8,-78,1,0,100,0,48,96,16,16,0,-4,-82,0,0,100,0,192,208,32,32,0,-8,-70,0,0,100,-90,96,128,16,16,0,-80,-69,0,1,100,0,960,560,64,64,0,-33,-86,1,1,100,0,48,608,48,48,0,-33,-86,1,0,100,0,48,608,48,48,0,5,-81,0,0,100,0,224,64,32,32,0,5,-96,0,0,100,0,128,0,32,32,0,15,-85,0,0,100,0,192,176,32,32,0,6,-66,0,0,100,0,64,112,16,16,0,-2,-67,0,0,100,0,224,288,32,32,0,-1,-64,0,0,100,0,288,288,32,32,0,-19,-123,0,1,100,-90,0,448,80,80,0,-19,-123,0,0,100,-90,0,528,80,80,0,-15,-16,0,0,100,0,880,288,64,32,0,
0,14,-36,-65,3,1,100,0,928,592,32,32,0,16,-81,1,0,100,0,48,96,16,16,0,4,-85,0,0,100,0,192,208,32,32,0,0,-73,0,0,100,-90,96,128,16,16,0,-25,-89,1,0,100,0,48,608,48,48,0,13,-84,0,0,100,0,224,64,32,32,0,12,-99,0,0,100,0,128,0,32,32,0,23,-88,0,0,100,0,192,176,32,32,0,14,-69,0,0,100,0,64,112,16,16,0,8,-70,0,0,100,0,224,288,32,32,0,7,-69,0,0,100,0,288,288,32,32,0,-11,-126,0,1,100,-90,0,448,80,80,0,-11,-126,0,0,100,-90,0,528,80,80,0,-7,-16,0,0,100,0,880,288,64,32,0,
0,13,26,-78,1,0,100,0,48,96,16,16,0,14,-82,0,0,100,0,192,208,32,32,0,10,-70,0,0,100,-90,96,128,16,16,0,-15,-86,1,0,100,0,48,608,48,48,0,23,-81,0,0,100,0,224,64,32,32,0,22,-96,0,0,100,0,128,0,32,32,0,31,-87,0,0,100,0,192,176,32,32,0,24,-66,0,0,100,0,64,112,16,16,0,18,-67,0,0,100,0,224,288,32,32,0,17,-66,0,0,100,0,288,288,32,32,0,-1,-123,0,1,100,-90,0,448,80,80,0,-1,-123,0,0,100,-90,0,528,80,80,0,5,-16,0,0,100,0,880,288,64,32,0,
0,13,45,-61,1,0,100,0,48,96,16,16,0,33,-65,0,0,100,0,192,208,32,32,0,29,-53,0,0,100,-90,96,128,16,16,0,4,-69,1,0,100,0,48,608,48,48,0,31,-79,0,0,100,0,128,0,32,32,0,34,-65,0,0,100,0,192,64,32,32,0,37,-75,0,0,100,0,192,176,32,32,0,30,-51,0,0,100,0,64,112,16,16,0,27,-51,0,0,100,0,224,288,32,32,0,21,-53,0,0,100,0,288,288,32,32,0,7,-114,0,1,100,-90,0,448,80,80,0,7,-114,0,0,100,-90,0,528,80,80,0,11,-16,0,0,100,0,880,288,64,32,0,
0,15,-52,-92,2,1,100,0,0,800,80,80,0,64,-50,0,0,100,0,48,96,16,16,0,58,-50,0,0,100,0,160,208,32,32,0,73,-36,0,0,100,0,96,128,16,16,0,59,-42,1,0,100,90,48,608,48,48,0,44,-66,0,0,100,0,128,0,32,32,0,49,-54,0,0,100,0,192,64,32,32,0,51,-59,0,0,100,0,192,176,32,32,0,43,-40,0,0,100,0,96,320,32,32,0,37,-37,0,0,100,0,128,320,32,32,0,42,-54,0,0,100,0,112,128,16,16,0,2,-94,0,1,100,-90,80,448,80,80,0,2,-94,0,0,100,-90,80,528,80,80,0,42,-62,0,0,100,0,224,176,32,32,0,22,-16,0,0,100,0,880,288,64,32,0,
0,15,-57,-86,0,1,100,0,0,800,80,80,0,69,-45,0,0,100,0,48,96,16,16,0,63,-45,0,0,100,0,160,208,32,32,0,78,-31,0,0,100,0,96,128,16,16,0,64,-37,1,0,100,90,48,608,48,48,0,49,-61,0,0,100,0,128,0,32,32,0,54,-49,0,0,100,0,192,64,32,32,0,56,-54,0,0,100,0,192,176,32,32,0,50,-34,0,0,100,0,96,320,32,32,0,42,-32,0,0,100,0,128,320,32,32,0,41,-45,0,0,100,0,112,128,16,16,0,1,-85,0,1,100,-90,80,448,80,80,0,1,-85,0,0,100,-90,80,528,80,80,0,41,-53,0,0,100,0,224,176,32,32,0,29,-16,0,0,100,0,880,288,64,32,0,
0,21,-66,-45,2,1,100,0,928,560,32,32,0,-35,-77,0,1,100,0,928,560,32,32,0,-208,-76,2,1,100,0,0,736,160,64,0,-92,-76,0,1,100,0,0,736,160,64,0,-4,-83,2,1,70,0,0,800,80,80,0,119,-45,0,0,100,0,48,96,16,16,0,116,-46,0,0,100,0,224,208,32,32,0,124,-28,0,0,100,0,128,128,16,16,0,98,-39,1,0,100,0,0,608,48,48,0,101,-62,0,0,100,0,128,0,32,32,0,104,-49,0,0,100,0,192,64,32,32,0,106,-54,0,0,100,0,192,176,32,32,0,100,-34,0,0,100,0,96,320,32,32,0,92,-32,0,0,100,0,128,320,32,32,0,91,-45,0,0,100,0,112,128,16,16,0,51,-85,0,1,100,-90,80,528,80,80,0,51,-85,0,1,100,-90,80,448,80,80,0,51,-85,0,1,100,-90,80,448,80,80,0,51,-85,0,0,100,-90,80,528,80,80,0,91,-53,0,0,100,0,224,176,32,32,0,77,-16,0,0,100,0,880,288,64,32,0,
0,22,-120,-51,0,1,100,90,928,560,32,32,0,-172,-68,1,1,100,90,928,560,32,32,0,-66,-45,2,1,100,0,928,592,32,32,0,-35,-77,0,1,100,0,928,592,32,32,0,-208,-76,0,1,100,0,160,736,160,64,0,-92,-76,2,1,100,0,160,736,160,64,0,-208,-76,2,1,40,0,0,736,160,64,0,-92,-76,0,1,40,0,0,736,160,64,0,123,-44,0,0,100,0,48,96,16,16,0,120,-45,0,0,100,0,224,208,32,32,0,128,-27,0,0,100,0,128,128,16,16,0,102,-38,1,0,100,0,0,608,48,48,0,105,-61,0,0,100,0,128,0,32,32,0,108,-48,0,0,100,0,192,64,32,32,0,110,-53,0,0,100,0,192,176,32,32,0,104,-33,0,0,100,0,96,320,32,32,0,96,-31,0,0,100,0,128,320,32,32,0,95,-44,0,0,100,0,112,128,16,16,0,55,-84,0,1,100,-90,80,448,80,80,0,55,-84,0,0,100,-90,80,528,80,80,0,95,-52,0,0,100,0,224,176,32,32,0,81,-16,0,0,100,0,880,288,64,32,0,
0,20,-120,-51,0,1,100,90,928,592,32,32,0,-172,-68,1,1,100,90,928,592,32,32,0,-208,-76,2,1,100,0,320,736,160,64,0,-92,-76,0,1,100,0,320,736,160,64,0,-208,-76,0,1,40,0,160,736,160,64,0,-92,-76,2,1,40,0,160,736,160,64,0,132,-50,0,0,100,0,48,96,16,16,0,129,-51,0,0,100,0,224,208,32,32,0,137,-33,0,0,100,0,128,128,16,16,0,111,-44,1,0,100,0,0,608,48,48,0,113,-63,0,0,100,0,0,0,32,32,0,117,-52,0,0,100,0,160,64,32,32,0,123,-56,0,0,100,0,192,176,32,32,0,117,-36,0,0,100,0,96,320,32,32,0,109,-31,0,0,100,0,128,320,32,32,0,108,-44,0,0,100,0,112,128,16,16,0,68,-84,0,1,100,-90,80,448,80,80,0,68,-84,0,0,100,-90,80,528,80,80,0,108,-52,0,0,100,0,224,176,32,32,0,94,-16,0,0,100,0,880,288,64,32,0,
0,14,83,-46,0,1,60,0,512,320,96,64,0,-209,-76,2,1,60,0,320,736,160,64,0,-93,-76,0,1,60,0,320,736,160,64,0,126,-34,0,0,100,0,32,112,16,16,0,119,-40,0,0,100,0,0,208,32,32,0,136,-31,0,0,100,0,96,128,16,16,0,122,-37,1,0,100,90,48,608,48,48,0,107,-43,0,0,100,0,0,0,32,32,0,123,-30,0,0,100,0,160,352,32,32,0,113,-35,0,0,100,0,64,64,32,32,0,114,-32,0,0,100,0,288,256,32,32,0,73,-68,0,1,100,0,160,448,80,80,0,73,-68,0,0,100,0,160,528,80,80,0,103,-16,0,0,100,0,880,288,64,32,0,
0,12,83,-46,0,1,100,0,608,320,96,64,0,124,-32,0,0,100,0,32,112,16,16,0,117,-38,0,0,100,0,0,208,32,32,0,134,-29,0,0,100,0,96,128,16,16,0,120,-35,1,0,100,90,48,608,48,48,0,105,-39,0,0,100,0,0,0,32,32,0,122,-30,0,0,100,0,160,352,32,32,0,111,-33,0,0,100,0,64,64,32,32,0,113,-32,0,0,100,0,288,256,32,32,0,71,-62,0,1,100,0,160,448,80,80,0,71,-62,0,0,100,0,160,528,80,80,0,102,-16,0,0,100,0,880,288,64,32,0,
0,16,33,-46,0,1,100,0,512,384,96,64,0,70,-56,0,0,100,0,32,112,16,16,0,63,-62,0,0,100,0,0,208,32,32,0,80,-53,0,0,100,0,96,128,16,16,0,66,-59,1,0,100,90,48,608,48,48,0,50,-68,0,0,100,0,0,0,32,32,0,54,-59,0,0,100,0,64,64,32,32,0,71,-44,0,0,100,0,64,96,16,16,0,67,-49,0,0,100,0,32,320,32,32,0,60,-44,0,0,100,0,480,0,16,16,0,56,-49,0,0,100,0,0,288,32,32,0,47,-42,0,0,100,0,0,128,16,16,0,7,-77,0,1,100,0,0,448,80,80,0,7,-77,0,0,100,0,0,528,80,80,0,46,-57,0,0,100,0,0,144,32,32,0,45,-16,0,0,100,0,880,288,64,32,0,
0,16,-6,-46,0,1,100,0,608,384,96,64,0,38,-56,0,0,100,0,32,112,16,16,0,31,-62,0,0,100,0,0,208,32,32,0,48,-53,0,0,100,0,96,128,16,16,0,34,-59,1,0,100,90,48,608,48,48,0,18,-68,0,0,100,0,0,0,32,32,0,22,-59,0,0,100,0,64,64,32,32,0,39,-44,0,0,100,0,64,96,16,16,0,35,-49,0,0,100,0,32,320,32,32,0,28,-44,0,0,100,0,480,0,16,16,0,24,-49,0,0,100,0,0,288,32,32,0,15,-42,0,0,100,0,0,128,16,16,0,-25,-77,0,1,100,0,0,448,80,80,0,-25,-77,0,0,100,0,0,528,80,80,0,14,-57,0,0,100,0,0,144,32,32,0,13,-16,0,0,100,0,880,288,64,32,0,
0,16,-47,-46,0,1,100,0,608,384,96,64,0,10,-38,0,0,100,0,64,128,16,16,0,2,-54,0,0,100,0,48,608,48,48,0,-3,-41,0,0,100,0,32,112,16,16,0,-10,-47,0,0,100,0,0,208,32,32,0,-24,-55,0,0,100,0,0,0,32,32,0,-16,-46,0,0,100,0,32,64,32,32,0,-15,-29,0,0,100,0,416,0,16,16,0,-29,-25,0,0,100,0,0,128,16,16,0,-69,-60,0,1,100,0,0,448,80,80,0,-69,-60,0,0,100,0,0,528,80,80,0,-30,-40,0,0,100,0,0,144,32,32,0,-22,-30,0,0,100,0,0,320,32,32,0,-6,-30,0,0,100,0,64,96,16,16,0,-9,-30,0,0,100,0,32,320,32,32,0,-32,-16,0,0,100,0,880,288,64,32,0,
0,1,-32,-16,0,0,100,0,880,288,64,32,0,
0,1,-32,-16,0,0,100,0,880,288,64,32,0,
0,1,-32,-16,0,0,100,0,880,288,64,32,0,
0,1,-32,-16,0,0,100,0,880,288,64,32,0,
0,1,-32,-16,0,0,100,0,880,288,64,32,0,
0,1,-32,-16,0,0,100,0,880,288,64,32,0,
0,1,-32,-16,0,0,100,0,880,288,64,32,0,
0,1,-32,-16,0,0,100,0,880,288,64,32,0,
0,1,-32,-16,0,0,100,0,880,288,64,32,0,
0,1,-32,-16,0,0,100,0,880,288,64,32,0,
0,1,-32,-16,0,0,100,0,880,288,64,32,0,
0,1,-32,-16,0,0,100,0,880,288,64,32,0,
0,1,-32,-16,0,0,100,0,880,288,64,32,0,
0,11,-24,-25,0,0,100,0,160,128,16,16,0,-3,-32,0,0,100,0,32,112,16,16,0,-7,-41,1,0,100,90,96,176,32,32,0,7,-26,0,0,100,0,96,128,16,16,0,-9,-33,1,0,100,90,48,608,48,48,0,-22,-44,0,0,100,0,192,0,32,32,0,-13,-30,0,0,100,0,256,352,32,32,0,-14,-36,0,0,100,0,320,64,32,32,0,-14,-31,0,0,100,0,224,352,32,32,0,-52,-64,0,0,100,0,0,528,80,80,0,-32,-16,0,0,100,0,880,288,64,32,0,
0,3,-35,-17,0,0,100,0,432,128,64,32,0,-42,-14,0,0,100,0,288,608,48,48,0,-32,-16,0,0,100,0,880,288,64,32,0,
0,11,0,-43,0,0,100,0,32,112,16,16,0,-7,-49,0,0,100,0,0,208,32,32,0,10,-40,0,0,100,0,96,128,16,16,0,-4,-46,1,0,100,90,48,608,48,48,0,-22,-57,0,0,100,0,0,0,32,32,0,-18,-45,0,0,100,0,64,64,32,32,0,-18,-35,0,0,100,0,320,256,32,32,0,-14,-59,0,0,100,180,96,176,32,32,0,-19,-29,0,0,100,0,0,320,32,32,0,-55,-72,0,1,100,0,0,448,80,80,0,-55,-72,0,0,100,0,0,528,80,80,0,
0,14,-9,-37,0,0,100,0,32,112,16,16,0,-16,-43,0,0,100,0,0,208,32,32,0,1,-34,0,0,100,0,96,128,16,16,0,-13,-40,1,0,100,90,48,608,48,48,0,-26,-52,0,0,100,0,0,0,32,32,0,-22,-38,0,0,100,0,64,64,32,32,0,-21,-53,0,0,100,180,96,176,32,32,0,-25,-28,0,0,100,0,144,128,16,16,0,-68,-64,0,1,100,0,160,448,80,80,0,-68,-64,0,0,100,0,160,528,80,80,0,-23,-30,0,0,100,0,0,288,32,32,0,-11,-30,0,0,100,0,32,288,32,32,0,-29,-37,0,0,100,0,256,176,32,32,0,-32,-16,0,0,100,0,880,288,64,32,0,
0,19,-48,-46,0,1,100,0,512,320,96,64,0,-3,-60,0,1,100,0,576,256,64,64,0,-65,-52,0,1,100,0,576,192,64,64,0,-3,-44,0,1,100,0,144,608,48,48,0,-65,-68,0,1,100,0,0,448,80,80,0,7,-34,0,0,100,0,16,128,16,16,0,-3,-44,0,0,100,0,0,608,48,48,0,-15,-66,0,0,100,0,0,0,32,32,0,-14,-52,0,0,100,0,0,64,32,32,0,-12,-30,0,0,100,0,416,0,16,16,0,-23,-35,0,0,100,0,0,128,16,16,0,-65,-68,0,0,100,0,0,528,80,80,0,-24,-50,0,0,100,0,0,144,32,32,0,1,-48,0,0,100,0,32,96,16,16,0,-5,-49,0,0,100,0,32,144,32,32,0,-20,-30,0,0,100,0,64,256,32,32,0,-11,-39,0,0,100,0,0,96,32,32,0,-10,-30,0,0,100,0,96,256,32,32,0,-32,-16,0,0,100,0,880,288,64,32,0,
0,19,-48,-46,0,1,100,0,608,320,96,64,0,-7,-61,0,1,60,0,640,256,64,64,0,-64,-52,0,1,100,0,640,192,64,64,0,-7,-45,0,1,60,0,144,608,48,48,0,-64,-68,0,1,100,0,0,448,80,80,0,-22,-35,0,0,100,0,0,128,16,16,0,-64,-68,0,0,100,0,0,528,80,80,0,-23,-50,0,0,100,0,0,144,32,32,0,-16,-66,0,0,100,0,0,0,32,32,0,-15,-52,0,0,100,0,128,64,32,32,0,-12,-30,0,0,100,0,416,0,16,16,0,-2,-48,0,0,100,0,32,96,16,16,0,-20,-30,0,0,100,0,64,256,32,32,0,-10,-39,0,0,100,0,0,96,32,32,0,-10,-30,0,0,100,0,96,256,32,32,0,-10,-49,0,0,100,0,32,144,32,32,0,2,-35,0,0,100,0,16,128,16,16,0,-7,-45,0,0,100,0,0,608,48,48,0,-32,-16,0,0,100,0,880,288,64,32,0,
0,16,-48,-46,0,1,100,0,512,384,96,64,0,-64,-52,0,1,100,0,704,192,64,64,0,-64,-68,0,1,100,0,0,448,80,80,0,-22,-35,0,0,100,0,0,128,16,16,0,-64,-68,0,0,100,0,0,528,80,80,0,-23,-50,0,0,100,0,0,144,32,32,0,-16,-66,0,0,100,0,0,0,32,32,0,-15,-52,0,0,100,0,128,64,32,32,0,-12,-30,0,0,100,0,416,0,16,16,0,-2,-49,0,0,100,0,32,96,16,16,0,-20,-30,0,0,100,0,64,256,32,32,0,-10,-39,0,0,100,0,0,96,32,32,0,-10,-30,0,0,100,0,96,256,32,32,0,-13,-47,1,0,100,0,32,144,32,32,0,-15,-47,0,0,100,0,96,608,48,48,0,-32,-16,0,0,100,0,880,288,64,32,0,
0,17,-48,-46,0,1,100,0,608,384,96,64,0,-64,-52,0,1,100,0,768,192,64,64,0,-64,-68,0,1,100,0,0,448,80,80,0,-22,-35,0,0,100,0,0,128,16,16,0,-64,-68,0,0,100,0,0,528,80,80,0,-23,-50,0,0,100,0,0,144,32,32,0,-16,-66,0,0,100,0,0,0,32,32,0,-15,-52,0,0,100,0,128,64,32,32,0,-12,-30,0,0,100,0,416,0,16,16,0,0,-49,0,0,100,0,32,96,16,16,0,-20,-30,0,0,100,0,64,256,32,32,0,-10,-39,0,0,100,0,0,96,32,32,0,-10,-30,0,0,100,0,96,256,32,32,0,-15,-46,0,0,100,0,96,608,48,48,0,-6,-47,0,0,100,0,32,144,32,32,0,8,-32,0,0,100,0,176,128,16,16,0,-32,-16,0,0,100,0,880,288,64,32,0,
0,17,-48,-46,0,1,100,0,512,320,96,64,0,-65,-51,0,1,100,0,576,192,64,64,0,-65,-67,0,1,100,0,0,448,80,80,0,-15,-66,0,0,100,0,0,0,32,32,0,-14,-52,0,0,100,0,0,64,32,32,0,-13,-30,0,0,100,0,416,0,16,16,0,1,-50,0,0,100,0,48,96,16,16,0,-20,-30,0,0,100,0,64,256,32,32,0,-10,-39,0,0,100,0,0,96,32,32,0,-10,-30,0,0,100,0,96,256,32,32,0,-15,-45,0,0,100,0,96,608,48,48,0,-5,-50,0,0,100,0,160,208,32,32,0,11,-35,0,0,100,0,176,128,16,16,0,-23,-34,0,0,100,0,0,128,16,16,0,-65,-67,0,0,100,0,0,528,80,80,0,-24,-49,0,0,100,0,0,144,32,32,0,-32,-16,0,0,100,0,880,288,64,32,0,
0,17,-48,-46,0,1,100,0,608,320,96,64,0,-61,-50,0,1,100,0,640,192,64,64,0,-61,-66,0,1,100,0,0,448,80,80,0,-16,-65,0,0,100,0,128,0,32,32,0,-3,-46,1,0,100,0,48,96,16,16,0,-16,-45,0,0,100,0,192,128,16,16,0,-19,-48,1,0,100,0,128,176,32,32,0,-15,-52,1,0,100,0,128,64,32,32,0,-12,-30,0,0,100,0,416,0,16,16,0,-20,-30,0,0,100,0,64,256,32,32,0,-10,-39,0,0,100,0,0,96,32,32,0,-10,-30,0,0,100,0,96,256,32,32,0,-15,-46,0,0,100,0,96,608,48,48,0,-19,-33,0,0,100,0,0,128,16,16,0,-61,-66,0,0,100,0,0,528,80,80,0,-20,-44,1,0,100,0,96,176,32,32,0,-32,-16,0,0,100,0,880,288,64,32,0,
0,19,-48,-46,0,1,80,0,512,384,96,64,0,-61,-50,0,1,60,0,704,192,64,64,0,-61,-66,0,1,60,0,0,448,80,80,0,-16,-65,0,0,100,0,128,0,32,32,0,-3,-46,1,0,100,0,48,96,16,16,0,-16,-43,0,0,100,0,192,128,16,16,0,-19,-47,1,0,100,0,128,176,32,32,0,-15,-52,1,0,100,0,128,64,32,32,0,-12,-30,0,0,100,0,416,0,16,16,0,-20,-30,0,0,100,0,64,256,32,32,0,-10,-39,0,0,100,0,0,96,32,32,0,-10,-30,0,0,100,0,96,256,32,32,0,-15,-46,0,0,100,0,96,608,48,48,0,-19,-33,0,0,100,0,0,128,16,16,0,-61,-66,0,1,30,0,320,528,80,80,0,-61,-66,0,1,100,0,320,528,80,80,0,-61,-66,0,0,100,0,240,528,80,80,0,-20,-44,1,0,100,0,96,176,32,32,0,-32,-16,0,0,100,0,880,288,64,32,0,
0,16,-48,-46,0,1,60,0,608,384,96,64,0,-16,-65,0,0,100,0,128,0,32,32,0,-3,-46,1,0,100,0,48,96,16,16,0,-16,-44,0,0,100,0,192,128,16,16,0,-18,-48,1,0,100,0,128,176,32,32,0,-15,-52,1,0,100,0,128,64,32,32,0,-12,-30,0,0,100,0,416,0,16,16,0,-20,-30,0,0,100,0,64,256,32,32,0,-10,-39,0,0,100,0,0,96,32,32,0,-10,-30,0,0,100,0,96,256,32,32,0,-15,-46,0,0,100,0,96,608,48,48,0,-19,-33,0,0,100,0,0,128,16,16,0,-61,-66,0,1,60,0,320,528,80,80,0,-61,-66,0,0,100,0,240,528,80,80,0,-20,-44,1,0,100,0,96,176,32,32,0,-32,-16,0,0,100,0,880,288,64,32,0,
0,16,-48,-46,0,1,40,0,512,320,96,64,0,-16,-65,0,0,100,0,128,0,32,32,0,-2,-46,1,0,100,0,48,96,16,16,0,-14,-45,0,0,100,0,192,128,16,16,0,-16,-48,1,0,100,0,128,176,32,32,0,-15,-52,1,0,100,0,128,64,32,32,0,-12,-30,0,0,100,0,416,0,16,16,0,-20,-30,0,0,100,0,64,256,32,32,0,-10,-39,0,0,100,0,0,96,32,32,0,-10,-30,0,0,100,0,96,256,32,32,0,-15,-46,0,0,100,0,96,608,48,48,0,-19,-33,0,0,100,0,0,128,16,16,0,-61,-66,0,1,30,0,320,528,80,80,0,-61,-66,0,0,100,0,240,528,80,80,0,-20,-44,1,0,100,0,96,176,32,32,0,-32,-16,0,0,100,0,880,288,64,32,0,
0,15,-48,-46,0,1,20,0,608,320,96,64,0,-15,-66,0,0,100,0,0,0,32,32,0,2,-47,0,0,100,0,32,96,16,16,0,-11,-48,0,0,100,0,256,176,32,32,0,-11,-38,0,0,100,0,192,128,16,16,0,-14,-52,0,0,100,0,0,64,32,32,0,-12,-30,0,0,100,0,416,0,16,16,0,-20,-30,0,0,100,0,64,256,32,32,0,-10,-39,0,0,100,0,0,96,32,32,0,-10,-30,0,0,100,0,96,256,32,32,0,-15,-46,0,0,100,0,96,608,48,48,0,-24,-35,0,0,100,0,0,128,16,16,0,-66,-68,0,0,100,0,240,528,80,80,0,-23,-49,0,0,100,0,0,144,32,32,0,-32,-16,0,0,100,0,880,288,64,32,0,
0,14,-26,-39,0,0,100,0,208,128,16,16,0,-67,-68,0,0,100,0,400,528,80,80,0,-15,-66,0,0,100,0,0,0,32,32,0,2,-48,0,0,100,0,32,96,16,16,0,-14,-52,0,0,100,0,0,64,32,32,0,-26,-49,0,0,100,0,288,176,32,32,0,-12,-30,0,0,100,0,416,0,16,16,0,-20,-30,0,0,100,0,64,256,32,32,0,-10,-39,0,0,100,0,0,96,32,32,0,-10,-30,0,0,100,0,96,256,32,32,0,-15,-46,0,0,100,0,96,608,48,48,0,-4,-48,0,0,100,0,32,144,32,32,0,10,-32,0,0,100,0,176,128,16,16,0,-32,-16,0,0,100,0,880,288,64,32,0,
0,14,-26,-41,0,0,100,0,208,128,16,16,0,-67,-70,0,0,100,0,400,528,80,80,0,-15,-66,0,0,100,0,0,0,32,32,0,2,-48,0,0,100,0,32,96,16,16,0,-14,-52,0,0,100,0,0,64,32,32,0,-26,-50,0,0,100,0,288,176,32,32,0,-12,-30,0,0,100,0,416,0,16,16,0,-20,-30,0,0,100,0,64,256,32,32,0,-10,-39,0,0,100,0,0,96,32,32,0,-10,-30,0,0,100,0,96,256,32,32,0,-15,-46,0,0,100,0,96,608,48,48,0,-4,-48,0,0,100,0,32,144,32,32,0,10,-32,0,0,100,0,176,128,16,16,0,-32,-16,0,0,100,0,880,288,64,32,0,
0,14,-26,-38,0,0,100,0,208,128,16,16,0,-67,-67,0,0,100,0,400,528,80,80,0,-15,-66,0,0,100,0,0,0,32,32,0,2,-48,0,0,100,0,32,96,16,16,0,-14,-52,0,0,100,0,0,64,32,32,0,-26,-49,0,0,100,0,288,176,32,32,0,-12,-30,0,0,100,0,416,0,16,16,0,-20,-30,0,0,100,0,64,256,32,32,0,-10,-39,0,0,100,0,0,96,32,32,0,-10,-30,0,0,100,0,96,256,32,32,0,-15,-46,0,0,100,0,96,608,48,48,0,-4,-48,0,0,100,0,32,144,32,32,0,10,-32,0,0,100,0,176,128,16,16,0,-32,-16,0,0,100,0,880,288,64,32,0,
0,14,-26,-38,0,0,100,0,208,128,16,16,0,-67,-67,0,0,100,0,400,528,80,80,0,-25,-49,0,0,100,0,288,176,32,32,0,-13,-66,0,0,100,0,32,0,32,32,0,-13,-52,0,0,100,0,128,64,32,32,0,-12,-30,0,0,100,0,416,0,16,16,0,-20,-30,0,0,100,0,64,256,32,32,0,-10,-39,0,0,100,0,0,96,32,32,0,-10,-30,0,0,100,0,96,256,32,32,0,-15,-46,0,0,100,0,96,608,48,48,0,1,-48,0,0,100,0,32,96,16,16,0,-6,-48,0,0,100,0,32,144,32,32,0,8,-32,0,0,100,0,176,128,16,16,0,-32,-16,0,0,100,0,880,288,64,32,0,
0,13,-26,-38,0,0,100,0,208,128,16,16,0,-67,-67,0,0,100,0,400,528,80,80,0,-25,-49,0,0,100,0,288,176,32,32,0,-13,-66,0,0,100,0,32,0,32,32,0,-13,-52,0,0,100,0,128,64,32,32,0,-12,-30,0,0,100,0,416,0,16,16,0,-20,-30,0,0,100,0,64,256,32,32,0,-10,-39,0,0,100,0,0,96,32,32,0,-10,-30,0,0,100,0,96,256,32,32,0,-15,-46,0,0,100,0,96,608,48,48,0,1,-48,0,0,100,0,48,112,16,16,0,-8,-47,0,0,100,0,96,144,32,32,0,-32,-16,0,0,100,0,880,288,64,32,0,
0,13,-26,-38,0,0,100,0,208,128,16,16,0,-67,-67,0,0,100,0,400,528,80,80,0,-25,-49,0,0,100,0,288,176,32,32,0,-13,-65,1,0,100,0,0,0,32,32,0,-13,-52,0,0,100,0,128,64,32,32,0,-12,-30,0,0,100,0,416,0,16,16,0,-20,-30,0,0,100,0,64,256,32,32,0,-10,-39,0,0,100,0,0,96,32,32,0,-10,-30,0,0,100,0,96,256,32,32,0,-15,-46,0,0,100,0,96,608,48,48,0,1,-47,0,0,100,0,48,112,16,16,0,-9,-46,0,0,100,0,96,144,32,32,0,-32,-16,0,0,100,0,880,288,64,32,0,
0,13,-26,-38,0,0,100,0,208,128,16,16,0,-67,-67,0,0,100,0,400,528,80,80,0,-25,-49,0,0,100,0,288,176,32,32,0,-13,-65,1,0,100,0,0,0,32,32,0,-13,-52,0,0,100,0,128,64,32,32,0,-12,-30,0,0,100,0,416,0,16,16,0,-20,-30,0,0,100,0,64,256,32,32,0,-10,-39,0,0,100,0,0,96,32,32,0,-10,-30,0,0,100,0,96,256,32,32,0,-15,-46,0,0,100,0,96,608,48,48,0,1,-48,0,0,100,0,48,112,16,16,0,-8,-47,0,0,100,0,96,144,32,32,0,-32,-16,0,0,100,0,880,288,64,32,0,
0,13,-26,-38,0,0,100,0,208,128,16,16,0,-67,-67,0,0,100,0,400,528,80,80,0,-25,-49,0,0,100,0,288,176,32,32,0,-13,-65,1,0,100,0,0,0,32,32,0,-13,-52,0,0,100,0,128,64,32,32,0,-12,-30,0,0,100,0,416,0,16,16,0,-20,-30,0,0,100,0,64,256,32,32,0,-10,-39,0,0,100,0,0,96,32,32,0,-10,-30,0,0,100,0,96,256,32,32,0,-15,-46,0,0,100,0,96,608,48,48,0,1,-47,0,0,100,0,48,112,16,16,0,-9,-46,0,0,100,0,96,144,32,32,0,-32,-16,0,0,100,0,880,288,64,32,0,
0,13,-26,-38,0,0,100,0,208,128,16,16,0,-67,-67,0,0,100,0,400,528,80,80,0,-25,-49,0,0,100,0,288,176,32,32,0,-13,-65,1,0,100,0,0,0,32,32,0,-13,-52,0,0,100,0,128,64,32,32,0,-12,-30,0,0,100,0,416,0,16,16,0,-20,-30,0,0,100,0,64,256,32,32,0,-10,-39,0,0,100,0,0,96,32,32,0,-10,-30,0,0,100,0,96,256,32,32,0,-15,-46,0,0,100,0,96,608,48,48,0,1,-48,0,0,100,0,48,112,16,16,0,-8,-47,0,0,100,0,96,144,32,32,0,-32,-16,0,0,100,0,880,288,64,32,0,
0,14,-26,-38,0,0,100,0,208,128,16,16,0,-67,-67,0,0,100,0,400,528,80,80,0,-25,-49,0,0,100,0,288,176,32,32,0,-13,-65,1,0,100,0,0,0,32,32,0,-13,-52,0,0,100,0,128,64,32,32,0,-12,-30,0,0,100,0,416,0,16,16,0,-20,-30,0,0,100,0,64,256,32,32,0,-10,-39,0,0,100,0,0,96,32,32,0,-10,-30,0,0,100,0,96,256,32,32,0,-15,-46,0,0,100,0,96,608,48,48,0,1,-48,0,0,100,0,48,112,16,16,0,-1,-49,0,0,100,0,224,208,32,32,0,0,-41,0,0,100,-90,176,144,32,32,0,-32,-16,0,0,100,0,880,288,64,32,0,
0,14,9,-47,0,0,100,0,160,144,16,32,0,-26,-38,0,0,100,0,208,128,16,16,0,-67,-67,0,0,100,0,400,528,80,80,0,-14,-65,1,0,100,0,32,0,32,32,0,-15,-52,1,0,100,0,0,64,32,32,0,1,-46,0,0,100,0,48,112,16,16,0,-1,-44,0,0,100,0,128,144,32,32,0,-26,-49,0,0,100,0,288,176,32,32,0,-12,-30,0,0,100,0,416,0,16,16,0,-20,-30,0,0,100,0,64,256,32,32,0,-10,-39,0,0,100,0,0,96,32,32,0,-10,-30,0,0,100,0,96,256,32,32,0,-15,-46,0,0,100,0,96,608,48,48,0,-32,-16,0,0,100,0,880,288,64,32,0,
0,14,9,-50,0,0,100,0,160,144,16,32,0,-26,-38,0,0,100,0,208,128,16,16,0,-67,-67,0,0,100,0,400,528,80,80,0,-14,-64,0,0,100,0,224,0,32,32,0,-15,-52,1,0,100,0,0,64,32,32,0,1,-47,0,0,100,0,48,112,16,16,0,-1,-46,0,0,100,0,128,144,32,32,0,-26,-49,0,0,100,0,288,176,32,32,0,-12,-30,0,0,100,0,416,0,16,16,0,-20,-30,0,0,100,0,64,256,32,32,0,-10,-39,0,0,100,0,0,96,32,32,0,-10,-30,0,0,100,0,96,256,32,32,0,-15,-46,0,0,100,0,96,608,48,48,0,-32,-16,0,0,100,0,880,288,64,32,0,
0,14,10,-50,0,0,100,0,160,144,16,32,0,-26,-38,0,0,100,0,208,128,16,16,0,-67,-67,0,0,100,0,400,528,80,80,0,-15,-64,0,0,100,0,256,0,32,32,0,-15,-52,1,0,100,0,0,64,32,32,0,1,-47,0,0,100,0,48,112,16,16,0,0,-46,0,0,100,0,128,144,32,32,0,-26,-49,0,0,100,0,288,176,32,32,0,-12,-30,0,0,100,0,416,0,16,16,0,-20,-30,0,0,100,0,64,256,32,32,0,-10,-39,0,0,100,0,0,96,32,32,0,-10,-30,0,0,100,0,96,256,32,32,0,-15,-46,0,0,100,0,96,608,48,48,0,-32,-16,0,0,100,0,880,288,64,32,0,
0,16,68,-62,0,0,100,0,960,704,64,48,0,10,-50,0,0,100,0,160,144,16,32,0,-26,-38,0,0,100,0,208,128,16,16,0,-67,-67,0,0,100,0,400,528,80,80,0,-15,-64,0,0,100,0,256,0,32,32,0,-15,-52,1,0,100,0,0,64,32,32,0,1,-47,0,0,100,0,48,112,16,16,0,0,-46,0,0,100,0,128,144,32,32,0,-26,-49,0,0,100,0,288,176,32,32,0,-12,-30,0,0,100,0,416,0,16,16,0,-20,-30,0,0,100,0,64,256,32,32,0,-10,-39,0,0,100,0,0,96,32,32,0,-10,-30,0,0,100,0,96,256,32,32,0,-15,-46,0,0,100,0,96,608,48,48,0,66,-16,0,0,100,0,880,288,64,32,0,-32,-16,0,0,100,0,880,288,64,32,0,
0,17,-33,-77,0,0,100,0,0,656,80,80,0,2,-62,0,0,100,0,960,704,64,48,0,10,-50,0,0,100,0,160,144,16,32,0,-26,-38,0,0,100,0,208,128,16,16,0,-67,-67,0,0,100,0,400,528,80,80,0,-15,-64,0,0,100,0,256,0,32,32,0,-15,-52,1,0,100,0,0,64,32,32,0,1,-47,0,0,100,0,48,112,16,16,0,0,-46,0,0,100,0,128,144,32,32,0,-26,-49,0,0,100,0,288,176,32,32,0,-12,-30,0,0,100,0,416,0,16,16,0,-20,-30,0,0,100,0,64,256,32,32,0,-10,-39,0,0,100,0,0,96,32,32,0,-10,-30,0,0,100,0,96,256,32,32,0,-15,-46,0,0,100,0,96,608,48,48,0,2,-16,0,0,100,0,880,288,64,32,0,-32,-16,0,0,100,0,880,288,64,32,0,
0,17,-33,-77,0,0,100,0,80,656,80,80,0,6,-68,0,0,100,0,960,704,64,48,0,-60,-45,0,0,100,0,160,144,16,32,0,-99,-38,0,0,100,0,208,128,16,16,0,-74,-47,0,0,100,0,48,112,16,16,0,-87,-64,0,0,100,0,288,0,32,32,0,-78,-50,1,0,100,0,192,208,32,32,0,-90,-49,0,0,100,0,192,64,32,32,0,-99,-49,0,0,100,0,288,176,32,32,0,-87,-33,0,0,100,0,416,0,16,16,0,-80,-37,0,0,100,90,128,320,32,32,0,-90,-35,0,0,100,0,192,288,32,32,0,-83,-39,0,0,100,0,0,96,32,32,0,-88,-46,0,0,100,0,96,608,48,48,0,-136,-64,0,0,100,90,240,528,80,80,0,5,-16,0,0,100,0,880,288,64,32,0,-105,-16,0,0,100,0,880,288,64,32,0,
0,17,-33,-77,0,0,100,0,160,656,80,80,0,8,-54,0,0,100,0,960,704,64,48,0,-160,-45,0,0,100,0,160,144,16,32,0,-199,-38,0,0,100,0,208,128,16,16,0,-186,-64,0,0,100,0,288,0,32,32,0,-174,-47,0,0,100,0,48,112,16,16,0,-178,-50,1,0,100,0,192,208,32,32,0,-190,-49,0,0,100,0,192,64,32,32,0,-199,-49,0,0,100,0,288,176,32,32,0,-187,-33,0,0,100,0,416,0,16,16,0,-180,-37,0,0,100,90,128,320,32,32,0,-190,-35,0,0,100,0,192,288,32,32,0,-183,-39,0,0,100,0,0,96,32,32,0,-188,-46,0,0,100,0,96,608,48,48,0,-236,-64,0,0,100,90,240,528,80,80,0,7,-16,0,0,100,0,880,288,64,32,0,-198,-16,0,0,100,0,880,288,64,32,0,
0,2,10,-32,0,0,100,0,960,704,64,48,0,10,-16,0,0,100,0,880,288,64,32,0,
0,2,25,-54,0,0,100,0,960,752,32,64,0,10,-16,0,0,100,0,880,288,64,32,0,
0,4,44,-69,0,0,100,0,736,160,32,32,0,27,-55,0,0,100,0,992,752,32,64,0,27,-23,0,0,100,0,992,816,16,32,0,10,-16,0,0,100,0,880,288,64,32,0,
0,4,46,-71,0,0,100,0,768,160,32,32,0,27,-55,0,0,100,0,992,752,32,64,0,27,-23,0,0,100,0,992,816,16,32,0,10,-16,0,0,100,0,880,288,64,32,0,
0,6,9,-72,0,0,100,90,736,160,32,32,0,49,-74,0,0,80,0,768,160,32,32,0,1,-80,0,0,20,90,768,160,32,32,0,27,-55,0,0,100,0,992,752,32,64,0,27,-23,0,0,100,0,992,816,16,32,0,10,-16,0,0,100,0,880,288,64,32,0,
0,5,7,-74,0,0,100,90,768,160,32,32,0,51,-76,0,0,60,0,768,160,32,32,0,27,-55,0,0,100,0,992,752,32,64,0,27,-23,0,0,100,0,1008,816,16,32,0,10,-16,0,0,100,0,880,288,64,32,0,
0,6,4,-77,0,0,80,90,768,160,32,32,0,44,-69,0,0,100,0,736,160,32,32,0,53,-78,0,0,20,0,768,160,32,32,0,27,-55,0,0,100,0,992,752,32,64,0,27,-23,0,0,100,0,992,816,16,32,0,10,-16,0,0,100,0,880,288,64,32,0,
0,5,3,-78,0,0,40,90,768,160,32,32,0,46,-71,0,0,100,0,768,160,32,32,0,27,-55,0,0,100,0,992,752,32,64,0,27,-23,0,0,100,0,992,816,16,32,0,10,-16,0,0,100,0,880,288,64,32,0,
0,1,-32,-16,0,0,100,0,880,288,64,32,0,
0,1,-32,-16,0,0,100,0,880,288,64,32,0,
0,1,-32,-16,0,0,100,0,880,288,64,32,0,
0,1,-32,-16,0,0,100,0,880,288,64,32,0,
0,1,-32,-16,0,0,0,0,880,288,64,32,0,
0,11,65,-206,0,0,100,0,672,528,32,32,0,83,-208,1,0,100,0,48,96,16,16,0,67,-208,0,0,100,0,256,208,32,32,0,72,-224,0,0,100,0,128,0,32,32,0,75,-211,0,0,100,0,288,64,32,32,0,79,-209,0,0,100,0,144,128,16,16,0,34,-231,0,0,100,0,544,528,64,64,0,34,-231,0,0,100,0,480,528,64,64,0,68,-195,0,0,100,0,96,320,32,32,0,61,-192,0,0,100,0,128,320,32,32,0,51,-16,0,0,100,0,880,288,64,32,0,
0,11,46,-180,0,0,100,0,672,528,32,32,0,64,-182,1,0,100,0,48,96,16,16,0,48,-182,0,0,100,0,256,208,32,32,0,53,-198,0,0,100,0,128,0,32,32,0,56,-185,0,0,100,0,288,64,32,32,0,60,-183,0,0,100,0,144,128,16,16,0,15,-205,0,0,100,0,544,528,64,64,0,15,-205,0,0,100,0,480,528,64,64,0,49,-169,0,0,100,0,96,320,32,32,0,42,-166,0,0,100,0,128,320,32,32,0,30,-16,0,0,100,0,880,288,64,32,0,
0,11,20,-122,0,0,100,0,672,528,32,32,0,38,-124,1,0,100,0,48,96,16,16,0,22,-124,0,0,100,0,256,208,32,32,0,27,-140,0,0,100,0,128,0,32,32,0,30,-127,0,0,100,0,288,64,32,32,0,34,-125,0,0,100,0,144,128,16,16,0,-11,-147,0,0,100,0,544,528,64,64,0,-11,-147,0,0,100,0,480,528,64,64,0,23,-111,0,0,100,0,96,320,32,32,0,16,-108,0,0,100,0,128,320,32,32,0,10,-16,0,0,100,0,880,288,64,32,0,
0,12,-48,-46,0,1,60,0,512,320,96,64,0,-21,-40,0,0,100,0,672,528,32,32,0,-3,-42,1,0,100,0,48,96,16,16,0,-19,-42,0,0,100,0,256,208,32,32,0,-16,-60,0,0,100,0,128,0,32,32,0,-11,-48,0,0,100,0,288,64,32,32,0,-7,-43,0,0,100,0,144,128,16,16,0,-52,-65,0,0,100,0,544,528,64,64,0,-52,-65,0,0,100,0,480,528,64,64,0,-11,-31,0,0,100,0,128,352,32,32,0,-12,-36,0,0,100,0,0,288,32,32,0,-30,-16,0,0,100,0,880,288,64,32,0,
0,12,-48,-46,0,1,100,0,608,320,96,64,0,-15,-29,0,0,100,0,160,352,32,32,0,-25,-30,0,0,100,0,672,528,32,32,0,-7,-32,1,0,100,0,48,96,16,16,0,-23,-32,0,0,100,0,256,208,32,32,0,-21,-47,0,0,100,0,192,0,32,32,0,-15,-38,0,0,100,0,288,64,32,32,0,-11,-33,0,0,100,0,144,128,16,16,0,-56,-55,0,0,100,0,544,528,64,64,0,-56,-55,0,0,100,0,480,528,64,64,0,-17,-28,0,0,100,0,0,288,32,32,0,-32,-16,0,0,100,0,880,288,64,32,0,
0,12,-48,-46,0,1,100,0,512,384,96,64,0,-15,-29,0,0,100,0,160,352,32,32,0,-26,-29,0,0,100,0,672,528,32,32,0,-8,-31,1,0,100,0,48,96,16,16,0,-24,-31,0,0,100,0,256,208,32,32,0,-22,-45,0,0,100,0,192,0,32,32,0,-16,-37,0,0,100,0,288,64,32,32,0,-12,-32,0,0,100,0,144,128,16,16,0,-57,-54,0,0,100,0,544,528,64,64,0,-57,-54,0,0,100,0,480,528,64,64,0,-17,-28,0,0,100,0,0,288,32,32,0,-32,-16,0,0,100,0,880,288,64,32,0,
0,13,-48,-46,0,1,100,0,608,384,96,64,0,-14,-44,1,0,100,0,48,96,16,16,0,-27,-45,0,0,100,0,288,208,32,32,0,-29,-40,0,0,100,-90,96,128,16,16,0,-54,-56,1,0,100,0,48,608,48,48,0,-19,-46,0,0,100,0,416,16,32,32,0,-20,-62,0,0,100,0,0,0,32,32,0,-15,-36,0,0,100,0,0,96,32,32,0,-13,-30,1,0,100,0,0,352,32,32,0,-22,-30,1,0,100,0,96,352,32,32,0,-56,-66,0,0,100,0,544,528,64,64,0,-56,-66,0,0,100,0,480,528,64,64,0,-32,-16,0,0,100,0,880,288,64,32,0,
0,13,-48,-46,0,1,100,0,512,320,96,64,0,-15,-47,1,0,100,0,48,96,16,16,0,-28,-48,0,0,100,0,288,208,32,32,0,-30,-43,0,0,100,-90,96,128,16,16,0,-55,-59,1,0,100,0,48,608,48,48,0,-20,-49,0,0,100,0,416,16,32,32,0,-21,-65,0,0,100,0,0,0,32,32,0,-16,-38,0,0,100,0,0,96,32,32,0,-13,-30,1,0,100,0,0,256,32,32,0,-23,-30,1,0,100,0,32,256,32,32,0,-57,-69,0,0,100,0,544,528,64,64,0,-57,-69,0,0,100,0,480,528,64,64,0,-32,-16,0,0,100,0,880,288,64,32,0,
0,13,-48,-46,0,1,100,0,608,320,96,64,0,-15,-47,1,0,100,0,48,96,16,16,0,-28,-48,0,0,100,0,288,208,32,32,0,-31,-42,0,0,100,-90,96,128,16,16,0,-56,-58,1,0,100,0,48,608,48,48,0,-18,-49,0,0,100,0,448,16,32,32,0,-19,-65,0,0,100,0,0,0,32,32,0,-16,-38,0,0,100,0,0,96,32,32,0,-13,-30,1,0,100,0,0,256,32,32,0,-21,-30,1,0,100,0,192,320,32,32,0,-53,-70,0,0,100,0,608,528,64,64,0,-53,-70,0,0,100,0,480,528,64,64,0,-32,-16,0,0,100,0,880,288,64,32,0,
0,13,-48,-46,0,1,100,0,512,384,96,64,0,-16,-46,1,0,100,0,48,96,16,16,0,-28,-48,0,0,100,0,192,208,32,32,0,-30,-35,0,0,100,-90,96,128,16,16,0,-55,-51,1,0,100,0,48,608,48,48,0,-18,-49,0,0,100,0,480,16,32,32,0,-19,-65,0,0,100,0,0,0,32,32,0,-16,-38,0,0,100,0,0,96,32,32,0,-13,-30,1,0,100,0,0,256,32,32,0,-21,-30,1,0,100,0,192,320,32,32,0,-52,-69,0,0,100,0,480,528,64,64,0,-52,-69,0,0,100,0,544,592,64,64,0,-32,-16,0,0,100,0,880,288,64,32,0,
0,13,-48,-46,0,1,100,0,608,384,96,64,0,-15,-45,1,0,100,0,32,96,16,16,0,-25,-46,1,0,100,0,32,144,32,32,0,-23,-30,0,0,100,-90,96,128,16,16,0,-48,-46,1,0,100,0,48,608,48,48,0,-18,-49,0,0,100,0,512,16,32,32,0,-19,-65,0,0,100,0,0,0,32,32,0,-16,-38,0,0,100,0,0,96,32,32,0,-13,-30,1,0,100,0,0,256,32,32,0,-21,-30,1,0,100,0,192,320,32,32,0,-51,-68,0,0,100,0,608,592,64,64,0,-51,-68,0,0,100,0,480,528,64,64,0,-32,-16,0,0,100,0,880,288,64,32,0,
0,12,-48,-46,0,1,100,0,512,320,96,64,0,-14,-45,1,0,100,0,32,96,16,16,0,-23,-46,1,0,100,0,32,144,32,32,0,-20,-30,0,0,100,-90,96,128,16,16,0,-45,-46,1,0,100,0,48,608,48,48,0,-18,-49,0,0,100,0,416,16,32,32,0,-19,-65,0,0,100,0,0,0,32,32,0,-16,-38,0,0,100,0,0,96,32,32,0,-13,-30,1,0,100,0,0,256,32,32,0,-21,-30,1,0,100,0,192,320,32,32,0,-51,-84,0,0,100,0,160,528,80,80,0,-32,-16,0,0,100,0,880,288,64,32,0,
0,13,-48,-46,0,1,100,0,608,320,96,64,0,-8,-47,1,0,100,0,32,96,16,16,0,-17,-48,1,0,100,0,32,144,32,32,0,-14,-32,0,0,100,-90,96,128,16,16,0,-39,-48,1,0,100,0,48,608,48,48,0,-20,-65,0,0,100,0,0,0,32,32,0,-20,-50,0,0,100,0,160,64,32,32,0,-16,-38,0,0,100,0,0,96,32,32,0,-13,-30,1,0,100,0,0,256,32,32,0,-21,-30,1,0,100,0,192,320,32,32,0,-6,-44,0,0,100,0,0,128,16,16,0,-48,-77,0,0,100,0,0,528,80,80,0,-32,-16,0,0,100,0,880,288,64,32,0,
0,15,-48,-46,0,1,100,0,512,384,96,64,0,6,-32,0,0,100,0,16,128,16,16,0,-4,-42,0,0,100,0,0,608,48,48,0,-13,-28,0,0,100,0,416,0,16,16,0,-16,-64,0,0,100,0,0,0,32,32,0,-14,-50,0,0,100,0,0,64,32,32,0,-22,-33,0,0,100,0,0,128,16,16,0,-64,-66,0,0,100,0,0,528,80,80,0,-23,-48,0,0,100,0,0,144,32,32,0,0,-46,0,0,100,0,32,96,16,16,0,-6,-47,0,0,100,0,32,144,32,32,0,-20,-30,0,0,100,0,0,352,32,32,0,-10,-38,0,0,100,0,0,96,32,32,0,-10,-30,0,0,100,0,32,352,32,32,0,-32,-16,0,0,100,0,880,288,64,32,0,
0,1,-32,-16,0,0,100,0,880,288,64,32,0,
0,1,-32,-16,0,0,100,0,880,288,64,32,0,
0,1,-32,-16,0,0,100,0,880,288,64,32,0,
0,1,-32,-16,0,0,100,0,880,288,64,32,0,
0,1,-32,-16,0,0,100,0,880,288,64,32,0,
0,1,-32,-16,0,0,100,0,880,288,64,32,0,
0,18,-48,-46,0,1,100,0,512,320,96,64,0,-15,-40,1,0,100,0,32,96,16,16,0,-24,-41,0,0,100,0,0,144,32,32,0,-24,-26,0,0,100,-90,96,128,16,16,0,-54,-42,0,1,60,-90,576,256,64,64,0,-49,-42,1,1,100,0,192,608,48,48,0,-49,-42,1,0,100,0,48,608,48,48,0,-17,-45,0,0,100,0,416,16,32,32,0,-18,-60,0,0,100,0,128,0,32,32,0,-16,-27,0,0,100,0,480,0,16,16,0,-8,-28,0,0,100,0,64,96,16,16,0,-9,-30,0,0,100,0,160,320,32,32,0,-24,-30,0,0,100,0,128,256,32,32,0,-14,-52,0,0,100,0,192,176,32,32,0,-43,-89,0,1,60,-90,576,192,64,64,0,-43,-89,0,1,100,-90,0,448,80,80,0,-43,-89,0,0,100,-90,0,528,80,80,0,-32,-16,0,0,100,0,880,288,64,32,0,
0,16,-48,-46,0,1,100,0,608,320,96,64,0,-49,-46,1,1,100,0,192,608,48,48,0,-8,-38,1,0,100,0,48,96,16,16,0,-20,-42,0,0,100,0,192,208,32,32,0,-24,-30,0,0,100,-90,96,128,16,16,0,-49,-46,1,0,100,0,48,608,48,48,0,-20,-58,0,0,100,0,128,0,32,32,0,-19,-47,1,0,100,0,128,64,32,32,0,-16,-27,0,0,100,0,480,0,16,16,0,-8,-28,0,0,100,0,64,96,16,16,0,-9,-30,0,0,100,0,160,320,32,32,0,-24,-30,0,0,100,0,128,256,32,32,0,-20,-47,0,0,100,0,192,176,32,32,0,-54,-75,0,1,100,-90,80,448,80,80,0,-54,-75,0,0,100,-90,80,528,80,80,0,-32,-16,0,0,100,0,880,288,64,32,0,
0,18,-48,-46,0,1,100,0,512,384,96,64,0,-9,-37,0,0,100,0,48,96,16,16,0,-20,-38,0,0,100,0,96,144,32,32,0,-14,-27,0,0,100,-90,96,128,16,16,0,-39,-43,1,1,100,0,192,608,48,48,0,-39,-43,1,0,100,0,48,608,48,48,0,-23,-56,0,0,100,0,128,0,32,32,0,-22,-45,1,0,100,0,128,64,32,32,0,-20,-25,0,0,100,0,480,0,16,16,0,-27,-30,0,0,100,0,0,320,32,32,0,-11,-30,0,0,100,0,64,96,16,16,0,-14,-30,0,0,100,0,32,320,32,32,0,-25,-47,0,0,100,0,192,176,32,32,0,-26,-29,0,0,100,0,144,128,16,16,0,-67,-66,0,1,100,0,160,448,80,80,0,-67,-66,0,0,100,0,160,528,80,80,0,-30,-38,0,0,100,0,256,176,32,32,0,-32,-16,0,0,100,0,880,288,64,32,0,
0,18,-48,-46,0,1,100,0,608,384,96,64,0,-9,-36,0,0,100,0,48,96,16,16,0,-20,-37,0,0,100,0,96,144,32,32,0,-14,-26,0,0,100,-90,96,128,16,16,0,-39,-42,1,1,100,0,192,608,48,48,0,-39,-42,1,0,100,0,48,608,48,48,0,-24,-54,0,0,100,0,128,0,32,32,0,-22,-44,1,0,100,0,128,64,32,32,0,-20,-24,0,0,100,0,480,0,16,16,0,-27,-30,0,0,100,0,0,320,32,32,0,-11,-29,0,0,100,0,64,96,16,16,0,-14,-30,0,0,100,0,32,320,32,32,0,-25,-46,0,0,100,0,192,176,32,32,0,-26,-28,0,0,100,0,144,128,16,16,0,-67,-65,0,1,100,0,160,448,80,80,0,-67,-65,0,0,100,0,160,528,80,80,0,-30,-37,0,0,100,0,256,176,32,32,0,-32,-16,0,0,100,0,880,288,64,32,0,
0,17,-48,-46,0,1,100,0,608,384,96,64,0,13,-46,0,0,100,90,16,128,16,16,0,-1,-43,0,1,100,90,144,608,48,48,0,3,-68,0,0,100,90,0,608,48,48,0,-11,-29,0,0,100,0,416,0,16,16,0,-13,-65,0,0,100,0,0,0,32,32,0,-12,-51,0,0,100,0,0,64,32,32,0,-20,-34,0,0,100,0,0,128,16,16,0,-62,-67,0,1,100,0,0,448,80,80,0,-62,-67,0,0,100,0,0,528,80,80,0,-21,-49,0,0,100,0,0,144,32,32,0,3,-47,0,0,100,0,32,96,16,16,0,-3,-48,0,0,100,0,32,144,32,32,0,-20,-30,0,0,100,0,0,256,32,32,0,-9,-38,0,0,100,0,0,96,32,32,0,-10,-30,0,0,100,0,32,256,32,32,0,-32,-16,0,0,100,0,880,288,64,32,0,
0,1,-32,-16,0,0,100,0,880,288,64,32,0,
0,1,-32,-16,0,0,100,0,880,288,64,32,0,
0,1,-32,-16,0,0,100,0,880,288,64,32,0,
0,1,-32,-16,0,0,100,0,880,288,64,32,0,
0,1,-32,-16,0,0,100,0,880,288,64,32,0,
0,15,6,-33,0,0,100,0,16,128,16,16,0,-4,-43,0,0,100,0,0,608,48,48,0,-23,-34,0,0,100,0,0,128,16,16,0,-63,-69,0,0,100,0,0,528,80,80,0,-14,-29,0,0,100,0,416,0,16,16,0,-16,-65,0,0,100,0,0,0,32,32,0,-15,-51,0,0,100,0,0,64,32,32,0,-24,-49,0,0,100,0,0,144,32,32,0,0,-47,0,0,100,0,32,96,16,16,0,-6,-48,0,0,100,0,32,144,32,32,0,-23,-30,0,0,100,0,0,256,32,32,0,-12,-38,0,0,100,0,0,96,32,32,0,-13,-30,0,0,100,0,32,256,32,32,0,-39,-61,0,0,100,0,774,881,70,64,0,-32,-16,0,0,100,0,880,288,64,32,0,
0,7,183,32,0,1,100,0,699,964,83,38,0,185,15,0,1,100,0,945,880,79,54,0,89,15,0,1,100,0,945,880,79,54,0,191,34,0,1,100,0,890,965,72,44,0,93,8,0,0,100,0,774,881,70,64,0,7,8,0,0,100,0,774,881,70,64,0,188,8,0,0,100,0,774,881,70,64,0,
